100k Random Samples
minilm_100k.csv
fit_time [166.90238857 153.42219377 192.34675646 225.40960884 144.93004751]
score_time [0.10208964 0.1110723  0.09051085 0.09037519 0.12302423]
test_score [0.6929446  0.69846447 0.70548976 0.68877961 0.69575472]
train_score [0.79271628 0.79162485 0.79141158 0.77599358 0.79203884]
mpnet_100k.csv
fit_time [371.37496376 387.55689669 330.57031655 255.57869601 309.81918859]
score_time [0.15359831 0.1432476  0.16199946 0.19505    0.19262409]
test_score [0.7116118  0.71321758 0.7191389  0.71793456 0.71045765]
train_score [0.79314281 0.79043306 0.79112304 0.79043306 0.79088468]
roberta_100k.csv
fit_time [655.11792207 574.85652351 431.38403106 632.24940133 472.25297928]
score_time [0.18216395 0.20866632 0.45540237 0.22652221 0.36130643]
test_score [0.70624247 0.71271578 0.71336813 0.70885187 0.70042152]
train_score [0.79464823 0.79269119 0.79068396 0.79107286 0.78940436]
t5_100k.csv
fit_time [447.59084272 504.28406453 492.17458439 544.0848248  576.66867328]
score_time [0.18539429 0.18355012 0.18300533 0.158144   0.14900184]
test_score [0.69439984 0.69926736 0.69881574 0.70298073 0.7007226 ]
train_score [0.78439884 0.78579135 0.77764954 0.78576626 0.78856383]

All
metaprod2vec_all.csv
fit_time [158.58545542 158.28191543 158.13690591 159.0524559  156.5599966 ]
score_time [0.03299975 0.04837799 0.03400016 0.03299975 0.0389998 ]
test_score [0.00585758 0.00078979 0.01026721 0.00750296 0.05647338]
train_score [0.11901275 0.13573015 0.13090909 0.13726039 0.11573647]
onehot_all.csv
fit_time [1285.89824438 1358.85659385  785.43958807  845.63197207 1493.42359233]
score_time [0.40999746 0.39600039 0.41300011 0.41599965 0.38300037]
test_score [0.8044793  0.80411777 0.80485922 0.7997598  0.8034364 ]
train_score [0.81560959 0.81593896 0.81336228 0.81147678 0.81344529]
prod2vec_all.csv
fit_time [734.44265175 688.08511591 675.16180682 745.68842816 740.64338779]
score_time [0.17499804 0.17689538 0.21742773 0.1730001  0.17005014]
test_score [0.26210082 0.34232699 0.5669507  0.2401408  0.07262997]
train_score [0.72806983 0.68074923 0.66191098 0.80525128 0.69937764]

100k Random Samples taken from All generation
metaprod2vec_100k.csv
fit_time [157.73424339 158.22435355 158.09133601 157.91730499 158.23035574]
score_time [0.03565216 0.05200243 0.04679918 0.04100776 0.04899907]
test_score [0.08200606 0.08036067 0.07305515 0.07976833 0.07746989]
train_score [0.11573838 0.11884821 0.11687371 0.11766351 0.12012966]
onehot_100k.csv
fit_time [183.37953734 194.09226966 152.88187385 207.4686389  207.15254784]
score_time [0.04299974 0.0455389  0.04813695 0.04100037 0.04000044]
test_score [0.76829823 0.76732673 0.7708628  0.76560921 0.77116589]
train_score [0.83106436 0.82885648 0.8276315  0.83155901 0.83244301]
prod2vec_100k.csv
fit_time [243.67421818 244.01328707 236.1064105  220.91875768 242.56780386]
score_time [0.05200815 0.05559421 0.06829071 0.06100035 0.06141424]
test_score [0.61699032 0.61438105 0.62261027 0.6159173  0.61742272]
train_score [0.76287729 0.75543819 0.75858695 0.75790002 0.76009534]