100k Random Samples
minilm_100k.csv
fit_time [755.74095273 766.35849905 659.05965805 703.79778194 591.81830192]
score_time [0.46999979 0.47799754 0.2839992  0.20799732 0.4250052 ]
test_score [0.5726114  0.5757226  0.57747892 0.5801385  0.57697712]
train_score [0.71457246 0.70858842 0.71109745 0.71205088 0.71315486]
mpnet_100k.csv
fit_time [ 917.99102187 1324.58533216 1251.22599459 1321.63880062 1143.79519248]
score_time [0.67399955 0.74298882 0.7229979  0.61399627 0.78900647]
test_score [0.59162987 0.60307106 0.59820353 0.60076275 0.59719992]
train_score [0.70809916 0.7156388  0.71389502 0.71217633 0.71331794]
roberta_100k.csv
fit_time [1590.29732966 1528.91740417 1404.67966652 1949.43052363 1672.59642005]
score_time [0.66600108 0.73000145 0.81100225 0.4929955  0.59800053]
test_score [0.59273384 0.60106383 0.59363709 0.60552991 0.59243276]
train_score [0.71343085 0.71488609 0.71625351 0.71566389 0.71606534]
t5_100k.csv
fit_time [1350.78406024 1451.0134716  1584.32541752 1185.09844065 1220.66598344]
score_time [0.42100167 0.39599991 0.32700014 0.50700116 0.46500015]
test_score [0.57813127 0.58771578 0.57938579 0.59238258 0.58555801]
train_score [0.70774789 0.70506323 0.70587866 0.7081117  0.70713318]

All
metaprod2vec_all.csv
fit_time [352.56833363 347.97133517 351.52033305 348.99433398 342.77733397]
score_time [0.09000015 0.11099744 0.10200095 0.09399867 0.10900021]
test_score [0.         0.00026326 0.0144794  0.00026326 0.05318239]
train_score [0.07700535 0.08172768 0.05556561 0.08325792 0.06908977]
onehot_all.csv
fit_time [2051.12364602 2163.54026246 2095.89419746 1917.50431085 1815.09694958]
score_time [0.9489994  0.85000134 0.93199992 0.97800064 1.01700044]
test_score [0.74757805 0.74341126 0.74749226 0.74709855 0.74656544]
train_score [0.76240621 0.75646085 0.75750868 0.76014241 0.759067  ]
prod2vec_all.csv
fit_time [1231.285815   1237.00100636 1232.6498158  1239.66600704 1231.510818  ]
score_time [0.34500027 0.29700041 0.38899851 0.29499936 0.34599853]
test_score [0.18099865 0.26592339 0.2955483  0.07148318 0.05052243]
train_score [0.59928804 0.54858285 0.57462829 0.69165681 0.59534361]

100k Random Samples taken from All generation
metaprod2vec_100k.csv
fit_time [225.46973395 223.05073428 224.65173507 224.78173637 224.81373692]
score_time [0.05900073 0.05899978 0.05900049 0.06799793 0.07799745]
test_score [0.06265631 0.0596288  0.05857575 0.057062   0.059896  ]
train_score [0.06782394 0.06937063 0.06690251 0.06932127 0.06690141]
onehot_100k.csv
fit_time [276.46659517 307.02861047 250.95549583 307.17061019 250.29649615]
score_time [0.07999945 0.07999969 0.08599973 0.09400058 0.08600044]
test_score [0.70101531 0.70554658 0.7076177  0.69418064 0.69913114]
train_score [0.78371893 0.78279977 0.7754499  0.78322915 0.76808739]
prod2vec_100k.csv
fit_time [344.26093698 342.8769381  344.20993948 338.25893784 341.81293726]
score_time [0.10200214 0.09099936 0.09099698 0.09499955 0.09200001]
test_score [0.49872046 0.49801796 0.50193186 0.49608591 0.49729024]
train_score [0.64064029 0.63692701 0.64045212 0.64088315 0.63572728]